US1.MA,D,20211101,000000,336.8300000,340.7000000,332.9500000,333.9000000,185488
US1.MA,D,20211102,000000,335.0000000,335.1500000,326.7600000,328.5600000,146024
US1.MA,D,20211103,000000,328.9500000,329.5200000,323.9800000,329.3650000,99684
US1.MA,D,20211104,000000,330.9600000,338.3500000,329.4900000,335.3700000,111107
US1.MA,D,20211105,000000,342.0000000,350.1200000,341.1400000,348.7500000,238963
US1.MA,D,20211108,000000,348.1800000,353.1500000,347.7800000,349.8200000,113262
US1.MA,D,20211109,000000,350.0100000,350.0100000,339.6900000,344.6000000,188750
US1.MA,D,20211110,000000,350.5000000,359.4800000,349.5450000,357.9500000,254593
US1.MA,D,20211111,000000,359.0500000,359.3000000,353.0000000,354.4800000,82587
US1.MA,D,20211112,000000,356.0600000,363.8400000,356.0600000,363.5600000,149912
US1.MA,D,20211115,000000,365.0800000,371.1300000,360.6700000,361.3500000,141889
US1.MA,D,20211116,000000,364.0700000,371.0500000,362.2200000,369.6000000,192287
US1.MA,D,20211117,000000,359.6200000,367.6400000,351.7000000,359.3000000,484501
US1.MA,D,20211118,000000,360.8000000,362.0700000,344.8400000,348.3300000,235427
US1.MA,D,20211119,000000,345.9800000,346.5000000,339.1400000,339.8400000,192136
US1.MA,D,20211122,000000,340.2700000,340.8500000,319.8200000,321.2300000,343704
US1.MA,D,20211123,000000,324.3700000,329.5900000,321.8900000,328.7500000,212704
US1.MA,D,20211124,000000,328.2700000,340.3300000,325.2500000,340.0200000,195312
US1.MA,D,20211126,000000,320.9550000,326.7400000,319.0500000,324.7900000,229586
US1.MA,D,20211129,000000,330.5800000,331.2700000,318.2700000,323.1800000,158755
US1.MA,D,20211130,000000,317.9500000,319.9100000,310.3100000,314.7100000,253618
US1.MA,D,20211201,000000,321.2900000,322.0000000,306.0300000,306.0300000,202657
US1.MA,D,20211202,000000,309.9800000,322.1200000,309.0200000,320.4900000,197374
US1.MA,D,20211203,000000,320.2200000,322.6100000,314.3300000,322.0700000,122316
US1.MA,D,20211206,000000,324.8200000,336.6500000,322.4400000,333.3300000,144211
US1.MA,D,20211207,000000,337.9400000,342.2400000,337.4800000,339.5100000,97375
US1.MA,D,20211208,000000,338.9700000,343.9300000,334.7700000,342.4900000,95105
US1.MA,D,20211209,000000,340.0000000,346.5000000,339.6300000,344.5100000,87292
US1.MA,D,20211210,000000,346.6500000,350.1800000,345.0100000,349.9100000,152763
US1.MA,D,20211213,000000,349.2400000,349.2400000,340.4200000,345.4200000,83173
US1.MA,D,20211214,000000,345.1900000,347.9900000,338.0100000,340.6100000,92809
US1.MA,D,20211215,000000,340.8900000,346.5900000,335.6000000,346.2400000,99821
US1.MA,D,20211216,000000,351.9100000,353.6850000,345.3500000,352.8550000,303788
US1.MA,D,20211217,000000,349.1600000,352.6600000,344.2050000,349.3200000,115632
US1.MA,D,20211220,000000,341.1100000,343.4800000,336.3200000,337.1600000,125252
US1.MA,D,20211221,000000,340.3700000,351.9000000,340.2500000,350.7700000,74452
US1.MA,D,20211222,000000,348.6100000,358.5000000,348.6100000,357.3800000,48642
US1.MA,D,20211223,000000,356.0700000,362.4400000,356.0700000,360.6700000,44902
US1.MA,D,20211227,000000,360.0000000,360.9000000,355.9600000,360.3400000,52519
US1.MA,D,20211228,000000,358.9300000,364.0300000,358.9300000,360.6700000,23730
US1.MA,D,20211229,000000,360.7800000,363.1500000,360.5200000,361.3600000,21172
US1.MA,D,20211230,000000,361.0100000,364.5400000,359.4700000,361.0200000,29531
US1.MA,D,20211231,000000,358.3600000,363.3500000,357.2300000,359.3050000,46045
US1.MA,D,20220103,000000,360.2900000,372.2500000,359.8600000,370.9500000,125062
US1.MA,D,20220104,000000,372.4100000,382.2600000,372.3500000,375.3100000,162503
US1.MA,D,20220105,000000,374.0000000,382.3800000,373.4000000,373.9700000,130853
US1.MA,D,20220106,000000,368.6500000,373.9000000,366.5500000,369.9400000,107295
US1.MA,D,20220107,000000,367.2700000,371.7900000,364.5100000,369.5550000,107259
US1.MA,D,20220110,000000,369.6000000,369.6000000,349.4600000,363.8300000,110907
US1.MA,D,20220111,000000,363.2300000,368.0400000,356.5400000,366.3700000,64481
US1.MA,D,20220112,000000,367.9200000,372.1100000,367.0700000,367.2800000,226244
US1.MA,D,20220113,000000,369.9100000,377.5200000,368.5000000,369.6000000,102535
US1.MA,D,20220114,000000,365.2400000,374.7800000,365.2400000,372.2400000,64728
US1.MA,D,20220118,000000,369.9800000,371.9900000,365.3750000,366.5200000,84474
US1.MA,D,20220119,000000,362.4400000,369.0100000,359.8150000,360.7900000,96819
US1.MA,D,20220120,000000,361.9500000,372.8000000,361.6700000,363.7000000,86226
US1.MA,D,20220121,000000,361.5100000,367.9600000,354.1100000,355.1400000,131082
US1.MA,D,20220124,000000,343.1300000,349.9500000,330.8800000,349.5400000,197529
US1.MA,D,20220125,000000,341.1500000,346.8100000,333.5500000,338.9100000,148709
US1.MA,D,20220126,000000,342.9600000,354.6400000,341.5800000,344.3400000,201551
US1.MA,D,20220127,000000,349.2650000,359.5200000,334.6900000,350.6600000,210997
US1.MA,D,20220128,000000,358.7100000,382.7100000,355.8400000,382.6900000,283884
US1.MA,D,20220131,000000,378.9500000,386.5400000,376.7900000,386.5400000,111294
US1.MA,D,20220201,000000,386.0300000,395.4000000,384.8500000,392.0300000,107412
US1.MA,D,20220202,000000,385.5800000,399.8900000,384.8000000,396.7400000,131331
US1.MA,D,20220203,000000,388.4900000,392.7400000,386.5200000,390.0400000,111946
US1.MA,D,20220204,000000,388.0000000,388.0000000,376.5200000,382.4200000,140412
US1.MA,D,20220207,000000,381.9800000,381.9800000,373.4600000,376.1400000,133077
US1.MA,D,20220208,000000,376.5500000,379.1700000,371.4500000,374.3450000,129156
US1.MA,D,20220209,000000,383.5800000,388.2000000,380.6200000,381.1350000,125593
US1.MA,D,20220210,000000,372.0250000,380.0000000,372.0250000,374.5900000,112374
US1.MA,D,20220211,000000,377.6100000,380.7000000,367.7800000,369.5300000,118984
US1.MA,D,20220214,000000,367.5600000,377.1800000,366.8300000,373.7150000,103739
US1.MA,D,20220215,000000,373.9000000,383.0000000,373.8500000,381.9500000,148741
US1.MA,D,20220216,000000,380.4300000,385.0000000,377.1900000,383.0000000,122878
US1.MA,D,20220217,000000,379.5400000,380.2700000,372.5000000,373.5950000,84479
US1.MA,D,20220218,000000,374.2500000,374.6800000,369.0100000,369.9400000,83325
US1.MA,D,20220222,000000,365.0200000,374.0800000,364.8200000,367.9200000,78741
US1.MA,D,20220223,000000,372.5500000,373.2100000,360.2700000,361.1800000,67414
US1.MA,D,20220224,000000,346.8900000,370.5400000,346.3000000,369.5300000,204088
US1.MA,D,20220225,000000,368.5000000,372.4600000,361.9000000,368.9500000,96094
US1.MA,D,20220228,000000,361.5700000,365.0000000,355.9100000,360.6400000,106030
US1.MA,D,20220301,000000,357.3150000,361.5100000,341.3700000,344.5200000,147453
US1.MA,D,20220302,000000,342.7600000,348.1000000,338.8400000,344.1800000,143379
US1.MA,D,20220303,000000,347.4500000,349.0100000,340.7600000,340.9600000,95030
US1.MA,D,20220304,000000,337.8800000,338.8300000,324.2300000,330.8400000,119235
US1.MA,D,20220307,000000,328.4700000,328.4700000,312.1100000,312.6300000,125356
US1.MA,D,20220308,000000,310.9300000,324.4400000,305.7700000,314.1400000,135240
US1.MA,D,20220309,000000,323.7100000,329.4300000,321.4800000,327.7100000,63061
US1.MA,D,20220310,000000,321.7700000,326.0200000,319.8000000,324.5250000,100615
US1.MA,D,20220311,000000,330.1500000,330.1500000,324.4500000,324.4500000,77732
US1.MA,D,20220314,000000,329.9600000,336.5800000,327.4050000,328.9000000,103514
US1.MA,D,20220315,000000,332.5500000,338.3800000,331.5400000,335.1800000,60443
US1.MA,D,20220316,000000,342.7300000,350.6100000,336.8500000,344.7300000,92600
US1.MA,D,20220317,000000,344.6300000,346.7700000,340.0700000,346.0200000,87099
US1.MA,D,20220318,000000,346.8100000,352.6600000,343.3400000,350.2050000,74999
US1.MA,D,20220321,000000,346.3200000,349.0800000,342.6200000,345.5700000,72238
US1.MA,D,20220322,000000,347.0900000,353.8000000,347.0900000,349.7000000,61300
US1.MA,D,20220323,000000,345.2100000,346.6300000,341.8800000,342.0100000,43527
US1.MA,D,20220324,000000,342.9800000,349.3400000,341.8600000,349.3200000,36274
US1.MA,D,20220325,000000,350.4500000,350.4500000,345.7500000,349.0600000,32912
US1.MA,D,20220328,000000,348.9900000,350.5400000,343.9100000,350.3350000,31463
US1.MA,D,20220329,000000,358.7200000,370.7100000,358.7200000,367.4500000,82635
US1.MA,D,20220330,000000,364.5500000,368.1100000,359.7650000,362.0400000,75135
US1.MA,D,20220331,000000,359.5700000,364.0000000,357.4200000,357.4600000,62240
US1.MA,D,20220401,000000,359.4550000,367.5450000,358.5100000,363.8100000,41593
US1.MA,D,20220404,000000,365.5700000,369.6500000,363.7000000,366.9100000,24725
US1.MA,D,20220405,000000,364.6500000,367.2500000,362.0100000,363.3800000,28887
US1.MA,D,20220406,000000,355.7700000,356.9800000,349.6900000,353.6900000,57217
US1.MA,D,20220407,000000,351.7800000,352.5100000,345.8600000,349.5800000,37711
US1.MA,D,20220408,000000,348.2300000,355.7600000,346.0700000,352.2900000,29802
US1.MA,D,20220411,000000,350.4300000,351.4800000,346.1900000,347.5600000,31799
US1.MA,D,20220412,000000,347.8700000,354.1800000,344.7300000,345.7300000,45701
US1.MA,D,20220413,000000,343.5300000,357.0000000,343.0000000,354.9300000,77116
US1.MA,D,20220414,000000,358.1800000,362.7700000,356.9900000,358.0200000,193405
US1.MA,D,20220418,000000,357.9600000,360.4600000,353.2300000,356.9400000,26688
US1.MA,D,20220419,000000,357.7800000,364.6000000,357.2300000,364.2600000,43089
US1.MA,D,20220420,000000,367.1400000,371.7100000,364.5600000,365.3400000,54174
US1.MA,D,20220421,000000,370.7400000,375.2000000,363.5500000,364.5000000,72708
US1.MA,D,20220422,000000,361.1900000,361.6500000,350.6900000,351.3400000,44868
US1.MA,D,20220425,000000,350.4000000,355.0300000,347.2500000,355.0300000,51864
US1.MA,D,20220426,000000,348.7600000,349.5500000,343.6400000,344.1700000,56990
US1.MA,D,20220427,000000,357.0600000,373.5300000,357.0600000,361.2800000,125277
US1.MA,D,20220428,000000,369.4400000,381.8800000,369.4400000,378.9100000,135400
US1.MA,D,20220429,000000,372.2800000,376.7100000,361.8100000,363.4800000,75177
US1.MA,D,20220502,000000,363.5000000,364.6800000,350.6100000,359.3000000,70719
US1.MA,D,20220503,000000,362.2300000,363.2800000,354.0400000,357.7500000,52372
US1.MA,D,20220504,000000,358.1300000,369.1800000,353.8600000,368.6400000,65801
US1.MA,D,20220505,000000,364.4000000,367.4600000,349.2200000,353.5400000,136962
US1.MA,D,20220506,000000,346.9400000,351.0100000,341.3000000,346.7500000,33292
US1.MA,D,20220509,000000,341.6300000,342.2900000,325.1500000,328.3600000,130287
US1.MA,D,20220510,000000,332.9700000,333.3700000,323.3900000,325.6500000,135091
US1.MA,D,20220511,000000,324.0300000,330.9000000,318.8600000,325.9200000,107712
US1.MA,D,20220512,000000,322.4900000,325.2200000,312.8900000,321.4000000,104991
US1.MA,D,20220513,000000,327.0300000,335.2300000,326.5200000,333.0000000,110338
US1.MA,D,20220516,000000,331.1900000,333.4500000,325.5000000,329.8100000,77863
US1.MA,D,20220517,000000,341.0000000,341.0000000,333.0900000,338.8700000,38977
US1.MA,D,20220518,000000,334.5900000,341.5000000,334.5900000,336.1550000,132090
US1.MA,D,20220519,000000,330.1800000,336.0650000,324.7100000,332.1600000,105128
US1.MA,D,20220520,000000,335.7700000,339.6100000,327.7000000,336.2500000,61499
US1.MA,D,20220523,000000,339.4400000,351.2050000,339.4400000,348.9100000,87042
US1.MA,D,20220524,000000,343.1200000,343.3500000,336.3300000,340.8000000,44275
US1.MA,D,20220525,000000,339.5100000,347.7200000,339.3150000,344.6900000,49202
US1.MA,D,20220526,000000,349.1200000,353.2500000,346.0100000,349.6200000,55605
US1.MA,D,20220527,000000,353.3100000,357.3800000,352.1500000,357.3500000,61646
US1.MA,D,20220531,000000,352.0600000,360.8400000,352.0600000,358.4000000,43363
US1.MA,D,20220601,000000,359.9200000,364.4400000,354.9900000,357.0250000,26489
US1.MA,D,20220602,000000,360.1200000,365.0000000,358.2200000,362.8550000,32166
US1.MA,D,20220603,000000,357.7200000,360.8000000,356.0000000,357.7500000,63680
US1.MA,D,20220606,000000,362.3800000,368.0400000,358.9400000,360.4100000,28868
US1.MA,D,20220607,000000,359.0600000,364.4300000,359.0600000,363.9300000,19987
US1.MA,D,20220608,000000,362.8800000,366.7800000,361.3600000,362.2800000,25004
US1.MA,D,20220609,000000,361.9200000,361.9200000,348.9500000,349.1200000,39572
US1.MA,D,20220610,000000,340.1100000,344.0200000,334.6000000,334.6000000,95605
US1.MA,D,20220613,000000,321.8800000,330.7700000,318.0600000,319.5700000,123957
US1.MA,D,20220614,000000,320.9200000,323.7700000,319.7800000,322.4000000,50378
US1.MA,D,20220615,000000,327.0600000,330.4200000,319.7300000,325.3500000,32543
US1.MA,D,20220616,000000,315.5200000,315.5200000,305.2900000,308.8800000,88022
US1.MA,D,20220617,000000,306.8100000,314.0400000,304.7100000,310.5900000,118863
US1.MA,D,20220621,000000,316.0700000,320.0600000,315.0700000,317.4300000,46870
US1.MA,D,20220622,000000,312.8100000,318.8900000,311.5900000,315.9300000,68577
US1.MA,D,20220623,000000,318.2300000,319.9100000,313.8000000,316.7500000,34899
US1.MA,D,20220624,000000,319.7700000,330.7600000,319.7700000,330.4200000,54200
US1.MA,D,20220627,000000,331.2700000,331.7600000,327.3900000,328.8600000,74719
US1.MA,D,20220628,000000,331.7600000,336.3800000,318.1700000,318.3200000,58315
US1.MA,D,20220629,000000,319.1500000,326.1050000,318.9400000,322.2600000,53425
US1.MA,D,20220630,000000,317.7000000,318.0500000,310.0700000,315.7000000,44169
US1.MA,D,20220701,000000,315.4800000,318.9000000,311.5900000,318.4700000,30554
US1.MA,D,20220705,000000,313.2200000,319.9800000,309.7500000,319.2000000,23470
US1.MA,D,20220706,000000,318.3600000,322.1200000,316.4100000,320.0400000,25212
US1.MA,D,20220707,000000,321.9500000,324.7900000,319.6300000,323.9900000,64687
US1.MA,D,20220708,000000,323.5700000,324.6000000,319.6900000,323.1500000,19884
US1.MA,D,20220711,000000,320.8700000,326.2000000,319.3500000,324.2800000,38602
US1.MA,D,20220712,000000,320.5000000,326.9200000,320.5000000,323.0200000,60330
US1.MA,D,20220713,000000,316.1500000,324.8900000,314.2200000,323.3800000,39964
US1.MA,D,20220714,000000,318.1100000,327.4300000,315.4600000,325.1400000,37274
US1.MA,D,20220715,000000,333.1300000,335.4900000,329.9900000,332.5500000,64505
US1.MA,D,20220718,000000,336.8500000,337.0600000,330.0000000,331.4600000,54093
US1.MA,D,20220719,000000,332.9900000,341.9200000,332.9900000,340.1700000,40781
US1.MA,D,20220720,000000,340.5900000,343.1700000,336.4500000,341.1100000,37940
US1.MA,D,20220721,000000,343.8900000,347.2100000,340.8500000,346.6000000,39125
US1.MA,D,20220722,000000,347.9100000,350.9900000,340.4500000,343.9100000,42346
US1.MA,D,20220725,000000,343.4700000,345.5300000,341.8000000,344.3400000,37787
US1.MA,D,20220726,000000,342.0000000,343.7700000,339.3100000,341.2700000,31259
US1.MA,D,20220727,000000,344.5000000,348.9200000,331.7500000,343.1300000,102842
US1.MA,D,20220728,000000,348.2200000,353.1900000,341.3500000,352.2700000,97891
US1.MA,D,20220729,000000,353.3300000,356.4800000,350.3200000,353.8800000,43822
US1.MA,D,20220801,000000,347.8700000,354.6800000,347.1600000,350.6350000,51024
US1.MA,D,20220802,000000,347.6800000,350.8800000,344.1500000,349.1800000,42035
US1.MA,D,20220803,000000,351.6300000,356.3900000,350.0000000,354.2200000,40371
US1.MA,D,20220804,000000,354.2000000,358.4500000,349.8300000,356.1600000,54540
US1.MA,D,20220805,000000,352.0700000,357.7200000,351.5700000,357.6300000,33897
US1.MA,D,20220808,000000,358.6000000,358.8500000,350.0100000,352.1600000,74645
US1.MA,D,20220809,000000,350.8200000,351.1000000,345.6000000,346.5500000,71110
US1.MA,D,20220810,000000,353.7700000,354.5400000,351.0500000,353.0800000,80533
US1.MA,D,20220811,000000,353.9300000,354.5000000,350.4100000,350.6600000,66587
US1.MA,D,20220812,000000,354.0100000,355.3400000,350.3700000,354.1400000,71708
US1.MA,D,20220815,000000,352.0900000,361.7900000,351.2600000,359.8700000,47167
US1.MA,D,20220816,000000,354.4600000,359.6000000,353.3250000,359.2400000,59829
US1.MA,D,20220817,000000,353.1000000,356.9000000,351.7500000,355.3400000,62143
US1.MA,D,20220818,000000,355.9400000,359.4900000,354.0300000,357.3400000,31784
US1.MA,D,20220819,000000,355.1000000,356.5800000,353.6300000,354.3500000,29877
US1.MA,D,20220822,000000,349.8300000,350.6600000,344.4100000,345.6700000,42791
US1.MA,D,20220823,000000,343.6000000,345.0600000,339.5600000,340.7000000,60349
US1.MA,D,20220824,000000,340.0700000,342.1600000,338.4100000,339.6600000,59523
US1.MA,D,20220825,000000,339.4300000,345.1300000,337.7300000,345.1300000,46558
US1.MA,D,20220826,000000,345.2900000,345.2900000,331.8600000,331.9700000,35595
US1.MA,D,20220829,000000,329.0800000,332.4700000,329.0800000,329.4400000,43097
US1.MA,D,20220830,000000,332.4100000,332.4100000,325.5700000,327.9500000,48252
US1.MA,D,20220831,000000,328.4500000,330.8500000,324.2800000,324.6400000,34795
US1.MA,D,20220901,000000,323.4300000,325.5500000,319.3300000,325.5500000,48494
US1.MA,D,20220902,000000,328.4700000,328.4700000,320.6050000,322.6300000,23560
US1.MA,D,20220906,000000,322.5000000,326.3800000,320.6500000,324.6200000,29563
US1.MA,D,20220907,000000,324.4900000,328.9900000,322.3100000,328.7700000,30140
US1.MA,D,20220908,000000,323.9700000,330.1800000,323.4800000,329.8800000,28475
US1.MA,D,20220909,000000,330.6400000,336.9800000,330.6400000,335.9400000,37927
US1.MA,D,20220912,000000,338.1300000,339.3200000,336.0200000,338.5100000,32731
US1.MA,D,20220913,000000,330.8300000,332.2800000,324.7000000,325.1500000,51313
US1.MA,D,20220914,000000,326.1500000,328.3500000,323.5500000,325.7100000,38363
US1.MA,D,20220915,000000,322.5600000,325.9000000,315.3400000,316.9700000,38505
US1.MA,D,20220916,000000,311.9600000,315.6200000,309.5000000,315.3000000,55978
US1.MA,D,20220919,000000,312.7700000,315.3800000,310.3700000,314.0400000,40256
US1.MA,D,20220920,000000,311.0700000,314.2950000,309.4800000,313.0400000,38835
US1.MA,D,20220921,000000,314.2900000,314.3100000,304.3200000,304.3200000,37885
US1.MA,D,20220922,000000,302.0600000,302.3550000,296.6400000,298.2300000,68960
US1.MA,D,20220923,000000,293.8200000,294.4400000,290.3500000,293.8300000,66353
US1.MA,D,20220926,000000,290.7700000,294.8700000,289.1400000,290.1600000,54898
US1.MA,D,20220927,000000,295.6600000,297.8500000,285.0100000,286.0400000,82687
US1.MA,D,20220928,000000,284.3500000,292.8400000,281.7900000,289.8700000,95646
US1.MA,D,20220929,000000,288.7700000,291.3100000,284.8900000,287.0200000,62816
US1.MA,D,20220930,000000,286.9100000,290.6200000,284.6200000,285.2100000,65594
US1.MA,D,20221003,000000,287.5100000,292.5900000,285.0350000,290.3800000,74228
US1.MA,D,20221004,000000,296.3400000,303.9000000,296.3400000,301.2000000,65521
US1.MA,D,20221005,000000,298.0000000,306.6000000,298.0000000,303.9100000,50632
US1.MA,D,20221006,000000,302.7400000,304.9500000,298.8900000,299.0900000,38868
US1.MA,D,20221007,000000,295.0800000,297.1900000,293.1400000,295.0300000,30228
US1.MA,D,20221010,000000,296.8700000,296.8700000,289.6100000,291.9300000,24077
US1.MA,D,20221011,000000,289.8300000,289.8300000,284.5000000,285.7900000,51749
US1.MA,D,20221012,000000,286.0900000,287.1400000,283.3400000,283.3600000,26519
US1.MA,D,20221013,000000,277.6200000,295.3400000,277.2100000,293.8500000,72951
US1.MA,D,20221014,000000,296.7300000,298.1800000,287.8700000,288.8900000,66864
US1.MA,D,20221017,000000,296.6600000,298.7300000,291.4900000,294.8400000,64145
US1.MA,D,20221018,000000,303.2600000,303.5100000,296.5500000,300.2400000,52398
US1.MA,D,20221019,000000,296.5250000,299.6350000,294.8700000,297.9100000,24830
US1.MA,D,20221020,000000,298.2600000,302.6200000,295.7300000,296.1400000,28212
US1.MA,D,20221021,000000,294.1700000,302.6300000,294.1700000,302.2100000,39608
US1.MA,D,20221024,000000,303.8350000,306.8700000,300.9000000,306.0300000,76843
US1.MA,D,20221025,000000,305.8600000,311.9500000,305.8600000,311.9350000,48375
US1.MA,D,20221026,000000,313.8200000,324.3600000,313.8200000,319.5100000,106125
US1.MA,D,20221027,000000,314.8800000,322.9700000,314.4200000,319.7500000,55840
US1.MA,D,20221028,000000,320.6800000,331.7100000,320.6400000,329.6700000,87086
US1.MA,D,20221031,000000,327.6800000,329.3000000,323.9500000,327.9200000,67884
US1.MA,D,20221101,000000,332.3600000,333.5300000,327.3200000,333.2200000,107800
US1.MA,D,20221102,000000,331.0400000,332.8600000,319.6500000,319.6500000,64765
